Name:
Шеренга

Statement:
Петя перешёл в другую школу. На уроке физкультуры ему понадобилось определить своё место в строю.
Помогите ему это сделать.

<p>Программа получает на вход невозрастающую последовательность натуральных чисел,
означающих рост каждого человека в строю. После этого вводится число X – рост Пети.
Все числа во входных данных натуральные и не превышают 200.

<p>Выведите номер, под которым Петя должен встать в строй. Если в строю есть люди с одинаковым ростом,
таким же, как у Пети, то он должен встать после них.

Test:
165 163 160 160 157 157 155 154 
162

Answer:
3


Test:
165 163 160 160 157 157 155 154 
160

Answer:
5


Test:
39 35 32 32 31 28 28 27 25 24 20 16 16 12 10 
40

Answer:
1


Test:
36 34 34 34 34 31 31 29 25 22 19 17 16 14 14 11 
19

Answer:
12


Test:
105 105 104 101 98 96 96 92 89 88 84 82 82 80 77 73 73 72 70 66 65 62 61 61 61 58 56 56 53 53 49 48 46 44 43 43 43 42 42 41 41 39 38 34 31 28 25 22 21 20 16 14 
108

Answer:
1


Test:
182 182 181 179 175 174 172 172 171 171 168 166 162 161 159 155 154 152 150 150 149 147 146 145 145 143 143 139 138 136 133 133 132 132 129 126 124 121 121 119 116 113 112 110 108 106 103 103 102 99 95 95 94 93 89 87 84 82 78 76 73 72 69 67 67 66 64 64 64 62 60 58 54 54 53 53 52 52 50 48 47 44 42 42 38 34 33 32 28 24 24 22 18 
183

Answer:
1


Test:
151 149 148 148 146 142 142 141 139 137 135 132 132 130 129 126 123 123 123 121 121 121 117 115 113 112 112 111 111 111 111 107 104 101 97 93 90 90 88 88 87 83 82 79 79 77 73 73 72 70 67 65 64 61 60 60 59 55 55 54 52 51 47 47 43 41 39 37 35 31 28 25 23 23 22 19 
117

Answer:
24


Test:
24 23 21 17 14 14 14 13 13 
11

Answer:
10


Test:
139 139 135 134 130 127 126 125 123 121 117 116 113 112 109 108 104 100 96 92 92 91 88 88 85 81 81 78 77 73 73 70 69 69 69 66 63 63 59 59 56 56 56 53 53 52 50 47 47 46 46 44 42 40 36 32 32 29 25 24 21 17 17 
100

Answer:
19


Test:
49 46 45 45 45 45 42 42 40 40 38 38 37 33 29 25 21 20 18 16 14 
22

Answer:
17


Test:
131 129 125 122 120 118 117 117 117 115 113 109 109 107 106 104 100 96 93 90 87 84 82 79 78 77 76 73 72 68 64 62 62 59 55 55 55 52 49 46 46 44 41 41 39 37 33 33 31 28 24 20 18 15 13 
15

Answer:
55


Test:
42 41 41 37 36 36 33 31 27 26 26 26 25 25 22 22 20 18 17 
42

Answer:
2


Test:
138 137 133 133 132 130 128 125 123 119 118 117 117 116 114 111 107 103 99 99 95 94 93 91 87 83 83 80 76 74 73 73 72 68 66 62 62 59 58 56 56 54 53 53 52 50 49 45 42 38 36 35 34 30 27 27 24 20 17 
28

Answer:
55


Test:
110 107 107 107 106 102 101 98 95 94 90 86 83 83 81 78 77 77 74 73 69 65 61 59 55 55 53 50 48 48 48 45 45 42 41 38 34 30 28 25 22 20 19 19 19 17 15 11 
20

Answer:
43


Test:
118 117 115 115 113 112 112 108 106 104 100 99 95 92 90 87 85 84 81 79 75 72 71 70 66 63 62 59 59 59 59 59 55 55 55 54 53 51 49 48 48 47 44 40 40 38 36 32 31 30 28 27 26 24 20 19 
86

Answer:
17


Test:
106 105 105 102 98 98 98 96 93 92 91 91 90 87 83 80 77 74 70 68 68 65 63 59 59 56 52 51 50 47 46 43 41 37 33 31 29 28 27 27 24 24 23 23 22 19 
10

Answer:
47


Test:
167 165 161 158 158 158 154 152 148 146 142 142 140 140 139 137 133 132 130 130 129 128 128 124 120 120 116 114 114 110 107 104 102 99 99 95 92 91 89 87 87 84 80 78 74 73 71 70 68 66 62 60 58 57 56 52 49 48 48 45 45 41 40 39 37 33 33 33 29 25 21 17 17 
35

Answer:
66


Test:
194 194 193 191 188 187 187 185 183 182 178 176 176 172 168 165 163 160 156 152 150 148 148 147 146 146 143 140 138 136 132 129 127 125 125 124 123 123 119 116 114 112 110 110 106 102 99 95 95 92 89 86 82 82 79 79 77 73 73 70 70 70 66 65 65 63 62 60 58 58 55 55 51 47 47 47 44 42 39 36 36 34 31 31 31 28 28 27 27 23 21 19 16 14 13 11 
94

Answer:
50


Test:
1 
1

Answer:
2


Test:
1 
2

Answer:
1


